јвиакомпании
(1, 'Sibir', 3)
(2, 'Aeroflot', 1)
(3, 'American', 5)
(4, 'European', 2)
(5, 'Letaite s nami', 10)

јэропорт:
(1, 'Tolmachi','Nsk')
(2, 'Vnukovo','Msk')
(3, 'Ufa Aeroport','Ufa')
(4, 'Aeroport','New Vasuki')
(5, 'Samara','Samara')
(6, 'Vladivostok','Vladivostok')

—амолеты:

(1, 'Ty-141', 10, 12, 1)
(2, 'Ty-142', 20, 10, 2)
(3, 'Ty-143', 30, 8, 2)
(4, 'Ty-144', 40, 6, 3)
(5, 'Ty-145', 50, 4, 3)
(6, 'Ty-146', 60, 15, 5)
(7, 'Ty-147', 70, 20, 1)
(8, 'Ty-149', 90, 30, 4)

¬ылеты: 

(1, 1, 2, 100, 0, 1, 3)
(2, 2, 10, 50, 2, 2, 5)
(3, 2, 20, 200, 5, 4, 2)
(4, 4, 30, 150, 0, 1, 6)
(5, 5, 20, 200, 2, 2, 3)
(6, 1, 5, 100, 0, 3, 1)
(7, 7, 60, 300, 3, 3, 1)
(8, 7, 30, 100, 0, 6, 3)
(9, 6, 40, 70, 0, 4, 1)
(10, 6, 50, 150, 2, 4, 1)
 
ѕроданные билеты:

(1,1,100,'20.02.2005', 0, 1)
(2,2,70,'20.02.2005', 2, 1)
(3,3,80,'20.04.2005', 3, 6)
(4,4,100,'20.05.2005', 0, 6)
(5,5,30,'10.03.2005', 0, 3)
(6,6,50,'10.03.2005', 0, 3)
(7,7,60,'10.03.2005', 0, 3)
(8,8,10,'20.05.2005', 0, 2)
(9,9,120,'20.02.2005', 20, 2)
(10,1,150,'22.03.2005', 10, 5)
(11,3,120,'22.04.2005', 5, 5)
(12,2,40,'22.04.2005', 0, 5)
(13,13,30,'15.06.2005', 0, 7)
(14,14,50,'15.06.2005', 0, 7)
(15,15,80,'05.06.2005', 5, 7)
(16,2,10,'20.08.2005', 0, 8)
(17,1,140,'20.08.2005', 10, 8)
(18,2,120,'20.02.2005', 0, 9)
(19,2,160,'02.02.2005', 20, 9)
(20,2,120,'20.02.2005', 0, 9)
